-12
118
143
-20
120
-97
109
114
-69
4
-71
-17
-12
103
52
67
174
39
137
-57
-83
126
178
165
-88
175
197
-92
-83
43
49
-22
133
15
117
28
-5
-77
-92
30
-66
-84
46
26
119
-61
126
118
39
-23
193
138
111
160
186
140
130
-75
-82
156
184
109
-71
-74
150
154
-59
-55
-75
-87
18
-35
-34
32
42
25
132
172
-63
144
131
-75
-43
170
74
-99
29
1
-86
140
-12
178
6
-36
73
-24
189
70
43
-25
145
-56
103
-41
113
138
-43
34
-6
5
66
142
97
113
-65
-47
-43
-91
-66
45
91
96
20
-61
177
127
97
-72
148
79
-98
175
24
-85
179
-92
44
69
-69
-44
55
-32
119
-25
199
72
-40
193
107
74
111
116
189
-51
7
125
-50
199
100
141
97
74
11
55
114
56
52
-86
-16
45
3
155
136
-87
-97
54
18
-39
-96
-77
-28
144
84
80
-69
-6
195
59
156
184
150
-27
102
83
-9
-63
30
132
128
56
72
99
-9
68
142
163
171
87
-26
-61
5
-3
-29
164
57
138
21
68
200
2
88
-89
56
-31
176
32
-49
21
63
46
-18
-34
13
-28
-90
175
102
-16
108
182
16
94
42
-6
44
11
144
69
-4
191
114
154
189
-98
12
39
-98
118
2
130
-42
97
62
-88
-48
-22
39
162
178
-7
56
-3
128
48
-89
31
-75
181
-32
-92
-100
123
122
83
-77
169
119
34
-25
160
168
111
119
142
-42
-3
161
-56
78
10